Sample	QualiMap_avg_gc	QualiMap_median_insert_size	Bcftools Stats_tstv	Bamtools_mapped_reads_pct	Bamtools_duplicates_pct	QualiMap_5_x_pc	QualiMap_30_x_pc	QualiMap_10_x_pc	Samtools Flagstat_mapped_passed	Bcftools Stats_number_of_SNPs	Bcftools Stats_number_of_MNPs	QualiMap_median_coverage	QualiMap_1_x_pc	Bcftools Stats_number_of_records	Bcftools Stats_number_of_indels	QualiMap_50_x_pc	QualiMap_total_reads	FastQC_total_sequences	FastQC_percent_duplicates	QualiMap_percentage_aligned	FastQC_percent_gc	QualiMap_mapped_reads	FastQC_avg_sequence_length	FastQC_percent_fails
SampID_26782	47.3193091561	223	1.82	99.5168	0.0	96.9964328971	93.2041287873	96.2604085557	177390194	2440.0	917.0	120	98.7075323148	3561.0	159.0	89.022273512	178251504.0	178251504.0	54.2304188273	99.516800711	44.0	177390194.0	99.9372843104	8.33333333333
SampID_26783	47.2870105955	266	1.82	99.5652	0.0	96.8907471695	92.4945192576	96.0460469528	149339357	2440.0	917.0	95	98.4965183535	3561.0	159.0	85.657558338	149991585.0	149991585.0	52.9337450127	99.5651569386	44.0	149339357.0	99.9381236221	8.33333333333
SampID_26784	47.3577940538	268	1.82	99.5452	0.0	97.4424371713	94.6197089141	96.8590427753	232215183	2440.0	917.0	142	99.11230565	3561.0	159.0	91.9275077824	233276209.0	233276209.0	54.3408544037	99.5451632189	44.0	232215183.0	99.9343035963	16.6666666667
SampID_26776	47.4935818493	217	1.88	99.4099	0.0	96.6426222736	92.0384279237	95.7796810516	139632076	2239.0	931.0	101	98.2118982065	3361.0	148.0	85.688049019	140460936.0	140460936.0	55.3425469484	99.4098999881	44.0	139632076.0	99.9399423766	8.33333333333
SampID_26777	47.4512646168	218	1.88	99.264	0.0	96.468922268	90.350945157	95.389136848	114775792	2239.0	931.0	83	98.080545756	3361.0	148.0	79.8357757839	115626814.0	115626814.0	55.585571708	99.2639925199	44.0	114775792.0	99.9393949746	8.33333333333
SampID_26778	47.236361024	220	1.88	99.5071	0.0	96.8356622466	90.7101137724	95.7610869662	119996663	2239.0	931.0	86	98.3238268331	3361.0	148.0	80.5749469525	120591093.0	120591093.0	53.603320942	99.5070697303	44.0	119996663.0	99.9381660966	8.33333333333
SampID_10896	45.5604048261	215	1.85	99.8399	0.0	96.242703791	89.5745681636	94.9868505214	141919851	1958.0	864.0	92	98.2891808396	2995.0	132.0	79.5387603156	142147419.0	142147419.0	53.1402358396	99.8399070475	43.0	141919851.0	99.9553489466	16.6666666667
SampID_10897	45.4862454532	218	1.85	99.8173	0.0	95.9885147428	87.2786642359	94.5409036227	119490341	1958.0	864.0	78	98.0298412342	2995.0	132.0	73.5507608492	119708995.0	119708995.0	53.9984636642	99.8173453883	43.0	119490341.0	99.9578597415	16.6666666667
SampID_10898	45.3740316378	218	1.85	99.7912	0.0	96.0707802201	85.0728001697	94.4601365295	108080776	1958.0	864.0	69	98.1635350477	2995.0	132.0	68.0521062502	108306948.0	108306948.0	50.5763646683	99.7911749854	43.0	108080776.0	99.9576605741	16.6666666667
SampID_10900	45.6965238966	222		99.7139	0.0	96.1692498712	88.5270917877	94.8399956439	126608578			83	98.1681780522			76.2610772013	126971858.0	126971858.0	50.9030472982	99.7138893565	43.0	126608578.0	99.9579969287	16.6666666667
SampID_10901	45.6814004575	214		99.7517	0.0	96.288103283	87.7325576456	94.8940831153	120419071			79	98.2068072316			74.1686688336	120718823.0	120718823.0	53.5106551734	99.7516940668	43.0	120419071.0	99.9597354258	25.0
SampID_10902	45.4285186724	216	1.95	99.7211	0.0	96.1456177728	86.268285554	94.6268278934	112822204	2101.0	849.0	74	98.1517686504	3129.0	137.0	70.8038808368	113137811.0	113137811.0	50.3390601866	99.7210419777	43.0	112822204.0	99.9579143705	16.6666666667
SampID_10903	45.5846237584	222	1.95	99.7118	0.0	96.2403227065	89.2276999794	94.9518271734	135103267	2101.0	849.0	88	98.2090934258	3129.0	137.0	78.1434955402	135493757.0	135493757.0	50.932332659	99.7118022198	43.0	135103267.0	99.9586419469	16.6666666667
SampID_10904	45.4487959588	219	1.95	99.6811	0.0	96.2074994894	86.5452968229	94.7094486576	113743370	2101.0	849.0	74	98.163168727	3129.0	137.0	71.1254419985	114107316.0	114107316.0	51.543252434	99.6810493729	43.0	113743370.0	99.9571482691	16.6666666667
SampID_6739	49.095776676	265	2.15	98.4798	0.0	95.7313024455	84.227018645	94.1274180338	115496053	2185.0	876.0	56	98.7537129968	3251.0	147.0	59.4219790431	117278949.0	117278949.0	47.764490895	98.4797817382	45.0	115496053.0	99.9199553536	25.0
SampID_6742	48.9421445558	270	2.15	98.8074	0.0	94.3049136515	88.9115365311	93.2779490278	107431405	2185.0	876.0	76	96.3977920572	3251.0	147.0	77.3101291976	108728113.0	108728113.0	52.6214946447	98.8073848021	46.0	107431405.0	99.9637170379	33.3333333333
SampID_6745	50.1094465806	256	2.15	99.2368	0.0	96.1573157608	92.4178787891	95.2728962296	156929475	2185.0	876.0	113	97.7420852938	3251.0	147.0	87.8229241064	158136347.0	158136347.0	51.3266380599	99.2368155564	47.0	156929475.0	99.9690392241	16.6666666667
SampID_7170	51.4672638934	241	1.87	99.3734	0.0	95.9108591688	89.8084551009	94.8618711683	129896972	2264.0	951.0	91	97.6396346635	3416.0	161.0	79.7184604777	130716078.0	130716078.0	53.2561626569	99.3733701221	49.0	129896972.0	99.9719107698	16.6666666667
SampID_7173	50.2962819821	243	1.87	99.2737	0.0	96.5744910377	86.3435313558	95.1072972076	137831501	2264.0	951.0	67	98.5336976974	3416.0	161.0	68.3456019504	138839971.0	138839971.0	52.5254646419	99.2736457716	49.0	137831501.0	99.9617851404	16.6666666667
SampID_7176	51.1709445584	240	1.87	99.3638	0.0	95.8262258475	90.2134358708	94.8231139973	125501037	2264.0	951.0	92	97.437659555	3416.0	161.0	80.9510236953	126304633.0	126304633.0	54.2619646721	99.3637636396	49.0	125501037.0	99.9703055865	16.6666666667
SampID_7179	51.4348801656	217	2.11	99.2341	0.0	96.0238580697	91.1112371411	95.0582764369	137854745	2128.0	792.0	104	97.7704751477	3092.0	128.0	83.9420652786	138918753.0	138918753.0	52.7350861856	99.2340789296	49.0	137854745.0	99.9656969423	16.6666666667
SampID_7182	52.8844943741	220	2.11	99.0408	0.0	95.3585225889	58.3970711116	92.0980786148	61212916	2128.0	792.0	34	97.6337492581	3092.0	128.0	28.6193472276	61805746.0	61805746.0	54.6004327861	99.0408173376	50.0	61212916.0	98.6560824296	16.6666666667
SampID_7185	52.0805615348	209	2.11	99.3212	0.0	95.9733433284	90.5359878638	94.9835337744	141417803	2128.0	792.0	105	97.6875542654	3092.0	128.0	82.7951151797	142384297.0	142384297.0	53.8827747823	99.3212074503	50.0	141417803.0	99.9625453782	16.6666666667
SampID_7171	50.3967243048	248	2.12	99.4617	0.0	96.0539647761	91.0387100568	95.0871230883	130045314	2292.0	893.0	92	97.6483976725	3385.0	150.0	82.5086810833	130749196.0	130749196.0	51.4688077222	99.4616548158	48.0	130045314.0	99.9719333341	8.33333333333
SampID_7174	49.8459580208	249	2.12	99.4586	0.0	96.5823713461	85.8827109541	95.0982980763	129765170	2292.0	893.0	63	98.5367452208	3385.0	150.0	66.0155948899	130471479.0	130471479.0	50.6089491647	99.4586487366	48.0	129765170.0	99.9647332273	16.6666666667
SampID_7177	50.4434227095	246	2.12	99.4515	0.0	95.8758556816	90.9944205607	94.8988541113	127409167	2292.0	893.0	94	97.4606870036	3385.0	150.0	82.9726240379	128111913.0	128111913.0	52.0184108562	99.4514592878	48.0	127409167.0	99.9700302188	16.6666666667
SampID_7180	51.8334455333	207		99.4383	0.0	95.8744588081	89.0987992294	94.7144623962	122860883			92	97.7041556545			78.8949406588	123554852.0	123554852.0	54.1120808191	99.4383312442	49.0	122860883.0	99.9656283187	16.6666666667
SampID_7184	51.6769712298	215	1.91	99.489	0.0	96.3335248426	92.5976186727	95.536830291	179123207	2146.0	883.0	132	97.9676240914	3213.0	142.0	87.9891343985	180043306.0	180043306.0	55.9705975075	99.4889568402	49.0	179123207.0	99.951693322	16.6666666667
SampID_7186	52.281020986	211		99.5526	0.0	95.7011538109	88.1208818575	94.5480181885	118342333			88	97.4293643773			76.6863402212	118874189.0	118874189.0	53.6088676567	99.5525891663	50.0	118342333.0	99.9670043091	16.6666666667
SampID_7187	52.079661048	208	1.91	99.4186	0.0	95.6848613669	88.685620379	94.5666078604	121702764	2146.0	883.0	90	97.4708844008	3213.0	142.0	77.9438507609	122414446.0	122414446.0	55.0028376324	99.4186290726	50.0	121702764.0	99.9596894961	16.6666666667
SampID_7188	52.2730622324	213	1.91	99.4904	0.0	96.1517216466	90.3311219112	95.1786061652	138222408	2146.0	883.0	99	97.8719437737	3213.0	142.0	81.2416131042	138930402.0	138930402.0	56.8866678598	99.4903966376	50.0	138222408.0	99.9620127926	16.6666666667
SampID_7191	52.6659477221	205	2.05	99.2802	0.0	95.9249912033	89.9636912195	94.9393193077	147719856	2187.0	866.0	107	97.6810068346	3239.0	143.0	81.2471321889	148790892.0	148790892.0	53.8336336699	99.2801736816	50.0	147719856.0	99.9580900826	16.6666666667
SampID_7193	51.9381445501	215	1.91	99.4111	0.0	95.7675350931	88.3668331035	94.6146179391	115451217	2167.0	876.0	84	97.5198632432	3222.0	136.0	76.4287439492	116135117.0	116135117.0	54.7178295339	99.4111169665	49.0	115451217.0	99.9668132594	16.6666666667
SampID_7194	52.0747008374	213	2.05	99.396	0.0	95.9492500191	88.8987285472	94.8486924503	121540493	2187.0	866.0	89	97.6463299466	3239.0	143.0	77.7384066396	122279072.0	122279072.0	54.4449029539	99.3959890373	50.0	121540493.0	99.963773343	16.6666666667
SampID_7196	51.6906829036	216	1.97	99.3678	0.0	96.0001156338	89.7120134541	94.9462529199	124571767	2132.0	813.0	92	97.7096968067	3134.0	147.0	79.6127526827	125364357.0	125364357.0	54.1137816458	99.3677708569	49.0	124571767.0	99.9642401708	16.6666666667
SampID_7197	52.3636468657	208	2.05	99.318	0.0	96.1131211549	89.8370170815	95.0469624236	139906328	2187.0	866.0	102	97.8860736016	3239.0	143.0	80.7427306582	140867065.0	140867065.0	54.6921579486	99.3179832348	50.0	139906328.0	99.9521439593	16.6666666667
SampID_7198	52.1077574232	213	1.91	99.4407	0.0	96.0779300939	88.6864192229	94.9601245579	121697377	2167.0	876.0	88	97.7708591224	3222.0	136.0	77.1288490016	122381878.0	122381878.0	53.1128068908	99.4406843471	50.0	121697377.0	99.9642932755	16.6666666667
SampID_7199	52.4903875856	223	1.97	98.9781	0.0	96.0293043316	88.5756667947	95.0065369487	115945767	2132.0	813.0	79	97.7086883214	3134.0	147.0	74.6501929749	117142874.0	117142874.0	58.6655791486	98.9780795373	50.0	115945767.0	99.8573351888	16.6666666667
SampID_7201	52.594489029	226	1.91	99.2593	0.0	96.0532762697	88.5016545669	95.0399626088	115541326	2167.0	876.0	79	97.6332218446	3222.0	136.0	74.5929410223	116403504.0	116403504.0	55.8972130156	99.2593195476	50.0	115541326.0	99.8682183657	16.6666666667
SampID_7202	51.9374053332	216	1.97	99.2999	0.0	95.7341116398	89.0197754697	94.6494250255	122268455	2132.0	813.0	88	97.4664929659	3134.0	147.0	78.0188648538	123130473.0	123130473.0	58.4221598083	99.2999149772	49.0	122268455.0	99.9634868454	16.6666666667
SampID_6312	53.079794385	227	1.94	99.6833	0.0	94.4999330803	69.2838353159	90.5845937652	77215861	2468.0	984.0	49	97.6297837262	3666.0	177.0	49.3133086847	77461211.0	77461211.0	55.5945042354	99.6832608259	50.0	77215861.0	99.9566011432	16.6666666667
SampID_6316	52.4630207942	236	1.94	99.6436	0.0	94.4976446793	71.5401170262	91.1310074249	76779066	2468.0	984.0	50	97.5881688125	3666.0	177.0	50.6094925388	77053710.0	77053710.0	52.4428461135	99.6435681033	50.0	76779066.0	99.9529022548	8.33333333333
SampID_6317	51.5808971045	241	1.94	99.6005	0.0	95.4537483158	80.5343339037	93.4061634781	92903661	2468.0	984.0	62	97.9286219711	3666.0	177.0	61.8288031122	93276257.0	93276257.0	53.9270848009	99.6005457209	49.0	92903661.0	99.9596123374	16.6666666667
SampID_6536	51.4785635377	259	1.98	99.4243	0.0	92.9672825967	86.1901533218	91.9338036435	115923448	2152.0	899.0	81	95.0596269686	3247.0	159.0	74.4701684204	116594687.0	116594687.0	52.0219093371	99.4242970951	49.0	115923448.0	99.970283706	8.33333333333
SampID_6537	51.7983847588	258	1.98	99.5311	0.0	92.9912501212	85.837631441	91.8880775523	115294555	2152.0	899.0	81	95.1138005033	3247.0	159.0	73.9751919239	115837750.0	115837750.0	51.6946760305	99.5310725562	49.0	115294555.0	99.9688710114	8.33333333333
SampID_6538	51.3285533055	249	1.98	99.5448	0.0	94.0173430782	88.7169518322	93.0330173008	126048791	2152.0	899.0	89	96.0546069407	3247.0	159.0	79.3884982142	126625199.0	126625199.0	53.7493561138	99.5447920283	49.0	126048791.0	99.9702968285	8.33333333333
SampID_11657	48.0992924472	222	1.87	99.7456	0.0	96.3924826138	88.8931829815	95.1347977408	109111970	2013.0	795.0	81	98.191203294	3008.0	162.0	76.7705035045	109390228.0	109390228.0	53.5311387235	99.7456281013	45.0	109111970.0	99.8825824369	16.6666666667
SampID_11686	47.6279089986	225	1.87	99.8227	0.0	97.224869159	93.0116912574	96.4819288594	145627439	2013.0	795.0	109	98.4771673524	3008.0	162.0	87.4387198989	145886111.0	145886111.0	55.9920946527	99.8226890838	45.0	145627439.0	99.9464491997	16.6666666667
SampID_11687	48.0835587142	223	1.87	99.8056	0.0	96.8884477348	92.1143622318	96.0486465057	127961580	2013.0	795.0	98	98.2313308574	3008.0	162.0	85.4239759323	128210805.0	128210805.0	52.9205094172	99.8056131073	45.0	127961580.0	99.940779921	25.0
