Sample	substitution_type_G>T	number_of_samples	substitution_type_G>C	substitution_type_G>A	tstv	tv_1st_ALT	number_of_others	number_of_multiallelic_SNP_sites	ts_1st_ALT	number_of_MNPs	ts	number_of_multiallelic_sites	number_of_SNPs	number_of_indels	substitution_type_C>A	substitution_type_C>G	substitution_type_A>T	substitution_type_A>C	number_of_records	substitution_type_A>G	substitution_type_C>T	substitution_type_T>A	substitution_type_T>C	tstv_1st_ALT	substitution_type_T>G	tv
CHH10896	96.0	1.0	127.0	440.0	1.85	688.0	41.0	0.0	1270.0	864.0	1270.0	0.0	1958.0	132.0	93.0	122.0	48.0	70.0	2995.0	207.0	416.0	59.0	207.0	1.85	73.0	688.0
CHH10897	96.0	1.0	127.0	440.0	1.85	688.0	41.0	0.0	1270.0	864.0	1270.0	0.0	1958.0	132.0	93.0	122.0	48.0	70.0	2995.0	207.0	416.0	59.0	207.0	1.85	73.0	688.0
CHH10898	96.0	1.0	127.0	440.0	1.85	688.0	41.0	0.0	1270.0	864.0	1270.0	0.0	1958.0	132.0	93.0	122.0	48.0	70.0	2995.0	207.0	416.0	59.0	207.0	1.85	73.0	688.0
CHH10902	99.0	1.0	121.0	506.0	1.95	713.0	42.0	0.0	1388.0	849.0	1388.0	0.0	2101.0	137.0	105.0	109.0	44.0	102.0	3129.0	209.0	471.0	56.0	202.0	1.95	77.0	713.0
CHH10903	99.0	1.0	121.0	506.0	1.95	713.0	42.0	0.0	1388.0	849.0	1388.0	0.0	2101.0	137.0	105.0	109.0	44.0	102.0	3129.0	209.0	471.0	56.0	202.0	1.95	77.0	713.0
CHH10904	99.0	1.0	121.0	506.0	1.95	713.0	42.0	0.0	1388.0	849.0	1388.0	0.0	2101.0	137.0	105.0	109.0	44.0	102.0	3129.0	209.0	471.0	56.0	202.0	1.95	77.0	713.0
CHH11657	96.0	1.0	126.0	473.0	1.87	701.0	38.0	0.0	1312.0	795.0	1312.0	0.0	2013.0	162.0	121.0	121.0	49.0	82.0	3008.0	208.0	427.0	46.0	204.0	1.87	60.0	701.0
CHH11686	96.0	1.0	126.0	473.0	1.87	701.0	38.0	0.0	1312.0	795.0	1312.0	0.0	2013.0	162.0	121.0	121.0	49.0	82.0	3008.0	208.0	427.0	46.0	204.0	1.87	60.0	701.0
CHH11687	96.0	1.0	126.0	473.0	1.87	701.0	38.0	0.0	1312.0	795.0	1312.0	0.0	2013.0	162.0	121.0	121.0	49.0	82.0	3008.0	208.0	427.0	46.0	204.0	1.87	60.0	701.0
CHH26776	92.0	1.0	151.0	496.0	1.88	777.0	43.0	0.0	1462.0	931.0	1462.0	0.0	2239.0	148.0	124.0	133.0	56.0	81.0	3361.0	252.0	474.0	56.0	240.0	1.88	84.0	777.0
CHH26777	92.0	1.0	151.0	496.0	1.88	777.0	43.0	0.0	1462.0	931.0	1462.0	0.0	2239.0	148.0	124.0	133.0	56.0	81.0	3361.0	252.0	474.0	56.0	240.0	1.88	84.0	777.0
CHH26778	92.0	1.0	151.0	496.0	1.88	777.0	43.0	0.0	1462.0	931.0	1462.0	0.0	2239.0	148.0	124.0	133.0	56.0	81.0	3361.0	252.0	474.0	56.0	240.0	1.88	84.0	777.0
CHH26782	114.0	1.0	159.0	535.0	1.82	864.0	45.0	0.0	1576.0	917.0	1576.0	0.0	2440.0	159.0	146.0	148.0	55.0	88.0	3561.0	286.0	517.0	65.0	238.0	1.82	89.0	864.0
CHH26783	114.0	1.0	159.0	535.0	1.82	864.0	45.0	0.0	1576.0	917.0	1576.0	0.0	2440.0	159.0	146.0	148.0	55.0	88.0	3561.0	286.0	517.0	65.0	238.0	1.82	89.0	864.0
CHH26784	114.0	1.0	159.0	535.0	1.82	864.0	45.0	0.0	1576.0	917.0	1576.0	0.0	2440.0	159.0	146.0	148.0	55.0	88.0	3561.0	286.0	517.0	65.0	238.0	1.82	89.0	864.0
CHH6312	123.0	1.0	160.0	555.0	1.94	840.0	37.0	0.0	1628.0	984.0	1628.0	0.0	2468.0	177.0	144.0	138.0	50.0	97.0	3666.0	243.0	579.0	54.0	251.0	1.94	74.0	840.0
CHH6316	123.0	1.0	160.0	555.0	1.94	840.0	37.0	0.0	1628.0	984.0	1628.0	0.0	2468.0	177.0	144.0	138.0	50.0	97.0	3666.0	243.0	579.0	54.0	251.0	1.94	74.0	840.0
CHH6317	123.0	1.0	160.0	555.0	1.94	840.0	37.0	0.0	1628.0	984.0	1628.0	0.0	2468.0	177.0	144.0	138.0	50.0	97.0	3666.0	243.0	579.0	54.0	251.0	1.94	74.0	840.0
CHH6536	98.0	1.0	130.0	460.0	1.98	723.0	37.0	0.0	1429.0	899.0	1429.0	0.0	2152.0	159.0	129.0	112.0	38.0	95.0	3247.0	243.0	503.0	47.0	223.0	1.98	74.0	723.0
CHH6537	98.0	1.0	130.0	460.0	1.98	723.0	37.0	0.0	1429.0	899.0	1429.0	0.0	2152.0	159.0	129.0	112.0	38.0	95.0	3247.0	243.0	503.0	47.0	223.0	1.98	74.0	723.0
CHH6538	98.0	1.0	130.0	460.0	1.98	723.0	37.0	0.0	1429.0	899.0	1429.0	0.0	2152.0	159.0	129.0	112.0	38.0	95.0	3247.0	243.0	503.0	47.0	223.0	1.98	74.0	723.0
CHH6739	99.0	1.0	117.0	491.0	2.15	693.0	43.0	0.0	1492.0	876.0	1492.0	0.0	2185.0	147.0	109.0	110.0	57.0	79.0	3251.0	251.0	501.0	54.0	249.0	2.15	68.0	693.0
CHH6742	99.0	1.0	117.0	491.0	2.15	693.0	43.0	0.0	1492.0	876.0	1492.0	0.0	2185.0	147.0	109.0	110.0	57.0	79.0	3251.0	251.0	501.0	54.0	249.0	2.15	68.0	693.0
CHH6745	99.0	1.0	117.0	491.0	2.15	693.0	43.0	0.0	1492.0	876.0	1492.0	0.0	2185.0	147.0	109.0	110.0	57.0	79.0	3251.0	251.0	501.0	54.0	249.0	2.15	68.0	693.0
CHH7170	104.0	1.0	161.0	505.0	1.87	790.0	40.0	0.0	1474.0	951.0	1474.0	0.0	2264.0	161.0	125.0	130.0	44.0	85.0	3416.0	242.0	477.0	60.0	250.0	1.87	81.0	790.0
CHH7171	108.0	1.0	143.0	519.0	2.12	734.0	50.0	0.0	1558.0	893.0	1558.0	0.0	2292.0	150.0	120.0	121.0	40.0	78.0	3385.0	260.0	525.0	55.0	254.0	2.12	69.0	734.0
CHH7173	104.0	1.0	161.0	505.0	1.87	790.0	40.0	0.0	1474.0	951.0	1474.0	0.0	2264.0	161.0	125.0	130.0	44.0	85.0	3416.0	242.0	477.0	60.0	250.0	1.87	81.0	790.0
CHH7174	108.0	1.0	143.0	519.0	2.12	734.0	50.0	0.0	1558.0	893.0	1558.0	0.0	2292.0	150.0	120.0	121.0	40.0	78.0	3385.0	260.0	525.0	55.0	254.0	2.12	69.0	734.0
CHH7176	104.0	1.0	161.0	505.0	1.87	790.0	40.0	0.0	1474.0	951.0	1474.0	0.0	2264.0	161.0	125.0	130.0	44.0	85.0	3416.0	242.0	477.0	60.0	250.0	1.87	81.0	790.0
CHH7177	108.0	1.0	143.0	519.0	2.12	734.0	50.0	0.0	1558.0	893.0	1558.0	0.0	2292.0	150.0	120.0	121.0	40.0	78.0	3385.0	260.0	525.0	55.0	254.0	2.12	69.0	734.0
CHH7179	103.0	1.0	125.0	466.0	2.11	685.0	44.0	0.0	1443.0	792.0	1443.0	0.0	2128.0	128.0	113.0	106.0	39.0	75.0	3092.0	250.0	505.0	50.0	222.0	2.11	74.0	685.0
CHH7182	103.0	1.0	125.0	466.0	2.11	685.0	44.0	0.0	1443.0	792.0	1443.0	0.0	2128.0	128.0	113.0	106.0	39.0	75.0	3092.0	250.0	505.0	50.0	222.0	2.11	74.0	685.0
CHH7184	103.0	1.0	125.0	444.0	1.91	738.0	42.0	0.0	1408.0	883.0	1408.0	0.0	2146.0	142.0	125.0	121.0	50.0	93.0	3213.0	219.0	501.0	47.0	244.0	1.91	74.0	738.0
CHH7185	103.0	1.0	125.0	466.0	2.11	685.0	44.0	0.0	1443.0	792.0	1443.0	0.0	2128.0	128.0	113.0	106.0	39.0	75.0	3092.0	250.0	505.0	50.0	222.0	2.11	74.0	685.0
CHH7187	103.0	1.0	125.0	444.0	1.91	738.0	42.0	0.0	1408.0	883.0	1408.0	0.0	2146.0	142.0	125.0	121.0	50.0	93.0	3213.0	219.0	501.0	47.0	244.0	1.91	74.0	738.0
CHH7188	103.0	1.0	125.0	444.0	1.91	738.0	42.0	0.0	1408.0	883.0	1408.0	0.0	2146.0	142.0	125.0	121.0	50.0	93.0	3213.0	219.0	501.0	47.0	244.0	1.91	74.0	738.0
CHH7191	95.0	1.0	132.0	509.0	2.05	718.0	43.0	0.0	1469.0	866.0	1469.0	0.0	2187.0	143.0	111.0	131.0	46.0	77.0	3239.0	235.0	492.0	55.0	233.0	2.05	71.0	718.0
CHH7193	99.0	1.0	149.0	491.0	1.91	744.0	43.0	0.0	1423.0	876.0	1423.0	0.0	2167.0	136.0	101.0	135.0	42.0	80.0	3222.0	215.0	489.0	60.0	228.0	1.91	78.0	744.0
CHH7194	95.0	1.0	132.0	509.0	2.05	718.0	43.0	0.0	1469.0	866.0	1469.0	0.0	2187.0	143.0	111.0	131.0	46.0	77.0	3239.0	235.0	492.0	55.0	233.0	2.05	71.0	718.0
CHH7196	97.0	1.0	122.0	472.0	1.97	719.0	42.0	0.0	1413.0	813.0	1413.0	0.0	2132.0	147.0	114.0	114.0	48.0	103.0	3134.0	224.0	481.0	60.0	236.0	1.97	61.0	719.0
CHH7197	95.0	1.0	132.0	509.0	2.05	718.0	43.0	0.0	1469.0	866.0	1469.0	0.0	2187.0	143.0	111.0	131.0	46.0	77.0	3239.0	235.0	492.0	55.0	233.0	2.05	71.0	718.0
CHH7198	99.0	1.0	149.0	491.0	1.91	744.0	43.0	0.0	1423.0	876.0	1423.0	0.0	2167.0	136.0	101.0	135.0	42.0	80.0	3222.0	215.0	489.0	60.0	228.0	1.91	78.0	744.0
CHH7199	97.0	1.0	122.0	472.0	1.97	719.0	42.0	0.0	1413.0	813.0	1413.0	0.0	2132.0	147.0	114.0	114.0	48.0	103.0	3134.0	224.0	481.0	60.0	236.0	1.97	61.0	719.0
CHH7201	99.0	1.0	149.0	491.0	1.91	744.0	43.0	0.0	1423.0	876.0	1423.0	0.0	2167.0	136.0	101.0	135.0	42.0	80.0	3222.0	215.0	489.0	60.0	228.0	1.91	78.0	744.0
CHH7202	97.0	1.0	122.0	472.0	1.97	719.0	42.0	0.0	1413.0	813.0	1413.0	0.0	2132.0	147.0	114.0	114.0	48.0	103.0	3134.0	224.0	481.0	60.0	236.0	1.97	61.0	719.0
