Sample	mapped_passed	duplicates_failed	with mate mapped to a different chr (mapQ >= 5)_passed	duplicates_passed	read2_passed	read1_failed	read1_passed	with mate mapped to a different chr_passed	total_failed	properly paired_passed_pct	singletons_passed	total_passed	singletons_passed_pct	mapped_failed_pct	mapped_passed_pct	with itself and mate mapped_failed	mapped_failed	paired in sequencing_failed	properly paired_failed	flagstat_total	properly paired_failed_pct	with mate mapped to a different chr (mapQ >= 5)_failed	with itself and mate mapped_passed	read2_failed	with mate mapped to a different chr_failed	properly paired_passed	paired in sequencing_passed	singletons_failed	singletons_failed_pct
CHH10896	141919851	0	229809	0	71136388	0	71011031	447790	0	98.99	102478	142147419	0.07	nan	99.84	0	0	0	0	142147419	nan	0	141817373	0	0	140707536	142147419	0	nan
CHH10897	119490341	0	187462	0	59911082	0	59797913	371533	0	98.98	104382	119708995	0.09	nan	99.82	0	0	0	0	119708995	nan	0	119385959	0	0	118489907	119708995	0	nan
CHH10898	108080776	0	182035	0	54209062	0	54097886	352933	0	98.94	114744	108306948	0.11	nan	99.79	0	0	0	0	108306948	nan	0	107966032	0	0	107163972	108306948	0	nan
CHH10900	126608578	0	244430	0	63581021	0	63390837	455572	0	98.82	174251	126971858	0.14	nan	99.71	0	0	0	0	126971858	nan	0	126434327	0	0	125477666	126971858	0	nan
CHH10901	120419071	0	206170	0	60436254	0	60282569	398864	0	98.9	143366	120718823	0.12	nan	99.75	0	0	0	0	120718823	nan	0	120275705	0	0	119388941	120718823	0	nan
CHH10902	112822204	0	217156	0	56644075	0	56493736	404636	0	98.8	156274	113137811	0.14	nan	99.72	0	0	0	0	113137811	nan	0	112665930	0	0	111785171	113137811	0	nan
CHH10903	135103267	0	261311	0	67846520	0	67647237	480769	0	98.89	179282	135493757	0.13	nan	99.71	0	0	0	0	135493757	nan	0	134923985	0	0	133988977	135493757	0	nan
CHH10904	113743370	0	233563	0	57141200	0	56966116	425163	0	98.75	178627	114107316	0.16	nan	99.68	0	0	0	0	114107316	nan	0	113564743	0	0	112676065	114107316	0	nan
CHH11657	109111970	0	325617	0	54812954	0	54577274	624824	0	98.49	136979	109390228	0.13	nan	99.75	0	0	0	0	109390228	nan	0	108974991	0	0	107739391	109390228	0	nan
CHH11686	145627439	0	203712	0	73019837	0	72866274	413829	0	99.13	112483	145886111	0.08	nan	99.82	0	0	0	0	145886111	nan	0	145514956	0	0	144617225	145886111	0	nan
CHH11687	127961580	0	200816	0	64176843	0	64033962	389778	0	99.07	116439	128210805	0.09	nan	99.81	0	0	0	0	128210805	nan	0	127845141	0	0	127019553	128210805	0	nan
CHH26776	139632076	0	326621	0	70455992	0	70004944	601073	0	98.18	356229	140460936	0.25	nan	99.41	0	0	0	0	140460936	nan	0	139275847	0	0	137898100	140460936	0	nan
CHH26777	114775792	0	288648	0	58025210	0	57601604	521677	0	97.87	409979	115626814	0.35	nan	99.26	0	0	0	0	115626814	nan	0	114365813	0	0	113167094	115626814	0	nan
CHH26778	119996663	0	251492	0	60444504	0	60146589	482986	0	98.34	275934	120591093	0.23	nan	99.51	0	0	0	0	120591093	nan	0	119720729	0	0	118589107	120591093	0	nan
CHH26782	177390194	0	434121	0	89357046	0	88894458	805967	0	98.39	356504	178251504	0.2	nan	99.52	0	0	0	0	178251504	nan	0	177033690	0	0	175383046	178251504	0	nan
CHH26783	149339357	0	373448	0	75154531	0	74837054	665238	0	98.66	302852	149991585	0.2	nan	99.57	0	0	0	0	149991585	nan	0	149036505	0	0	147983080	149991585	0	nan
CHH26784	232215183	0	781608	0	116925045	0	116351164	1303719	0	98.65	405080	233276209	0.17	nan	99.55	0	0	0	0	233276209	nan	0	231810103	0	0	230137078	233276209	0	nan
CHH6312	77215861	0	118035	0	38771031	0	38690180	260313	0	98.42	96309	77461211	0.12	nan	99.68	0	0	0	0	77461211	nan	0	77119552	0	0	76236808	77461211	0	nan
CHH6316	76779066	0	151807	0	38582476	0	38471234	301912	0	98.42	137676	77053710	0.18	nan	99.64	0	0	0	0	77053710	nan	0	76641390	0	0	75835295	77053710	0	nan
CHH6317	92903661	0	163194	0	46718145	0	46558112	331772	0	98.61	182422	93276257	0.2	nan	99.6	0	0	0	0	93276257	nan	0	92721239	0	0	91983806	93276257	0	nan
CHH6536	115923448	0	281740	0	58477069	0	58117618	486363	0	98.33	303301	116594687	0.26	nan	99.42	0	0	0	0	116594687	nan	0	115620147	0	0	114646092	116594687	0	nan
CHH6537	115294555	0	262826	0	58064717	0	57773033	440447	0	98.51	244738	115837750	0.21	nan	99.53	0	0	0	0	115837750	nan	0	115049817	0	0	114109785	115837750	0	nan
CHH6538	126048791	0	282919	0	63470614	0	63154585	483350	0	98.52	251502	126625199	0.2	nan	99.54	0	0	0	0	126625199	nan	0	125797289	0	0	124749126	126625199	0	nan
CHH6739	115496053	0	631329	0	58890173	0	58388776	1262251	0	96.05	985830	117278949	0.84	nan	98.48	0	0	0	0	117278949	nan	0	114510223	0	0	112645068	117278949	0	nan
CHH6742	107431405	0	383107	0	54691732	0	54036381	703078	0	97.23	650117	108728113	0.6	nan	98.81	0	0	0	0	108728113	nan	0	106781288	0	0	105720750	108728113	0	nan
CHH6745	156929475	0	428323	0	79407122	0	78729225	756996	0	97.91	481236	158136347	0.3	nan	99.24	0	0	0	0	158136347	nan	0	156448239	0	0	154828924	158136347	0	nan
CHH7170	129896972	0	299123	0	65554258	0	65161820	532539	0	97.85	303987	130716078	0.23	nan	99.37	0	0	0	0	130716078	nan	0	129592985	0	0	127903102	130716078	0	nan
CHH7171	130045314	0	297043	0	65559563	0	65189633	516995	0	98.25	305812	130749196	0.23	nan	99.46	0	0	0	0	130749196	nan	0	129739502	0	0	128462977	130749196	0	nan
CHH7173	137831501	0	387047	0	69602431	0	69237540	668210	0	97.84	434921	138839971	0.31	nan	99.27	0	0	0	0	138839971	nan	0	137396580	0	0	135836776	138839971	0	nan
CHH7174	129765170	0	310213	0	65362630	0	65108849	544078	0	98.21	329813	130471479	0.25	nan	99.46	0	0	0	0	130471479	nan	0	129435357	0	0	128133178	130471479	0	nan
CHH7176	125501037	0	311354	0	63359831	0	62944802	545074	0	98.01	320602	126304633	0.25	nan	99.36	0	0	0	0	126304633	nan	0	125180435	0	0	123786821	126304633	0	nan
CHH7177	127409167	0	300936	0	64238661	0	63873252	525447	0	98.23	295097	128111913	0.23	nan	99.45	0	0	0	0	128111913	nan	0	127114070	0	0	125849134	128111913	0	nan
CHH7179	137854745	0	407443	0	69721255	0	69197498	694260	0	97.76	376416	138918753	0.27	nan	99.23	0	0	0	0	138918753	nan	0	137478329	0	0	135805136	138918753	0	nan
CHH7180	122860883	0	327855	0	61937140	0	61617712	564376	0	97.61	247165	123554852	0.2	nan	99.44	0	0	0	0	123554852	nan	0	122613718	0	0	120607579	123554852	0	nan
CHH7182	61212916	0	4243089	0	31151468	0	30654278	5551399	0	87.68	250695	61805746	0.41	nan	99.04	0	0	0	0	61805746	nan	0	60962221	0	0	54194185	61805746	0	nan
CHH7184	179123207	0	563775	0	90283587	0	89759719	925978	0	98.06	271024	180043306	0.15	nan	99.49	0	0	0	0	180043306	nan	0	178852183	0	0	176551528	180043306	0	nan
CHH7185	141417803	0	420058	0	71448971	0	70935326	728455	0	97.85	334273	142384297	0.23	nan	99.32	0	0	0	0	142384297	nan	0	141083530	0	0	139318073	142384297	0	nan
CHH7186	118342333	0	283423	0	59563449	0	59310740	495912	0	98.17	194575	118874189	0.16	nan	99.55	0	0	0	0	118874189	nan	0	118147758	0	0	116702131	118874189	0	nan
CHH7187	121702764	0	331422	0	61370268	0	61044178	580334	0	98.01	244626	122414446	0.2	nan	99.42	0	0	0	0	122414446	nan	0	121458138	0	0	119982530	122414446	0	nan
CHH7188	138222408	0	534811	0	69633737	0	69296665	843228	0	97.72	232154	138930402	0.17	nan	99.49	0	0	0	0	138930402	nan	0	137990254	0	0	135766606	138930402	0	nan
CHH7191	147719856	0	429480	0	74602307	0	74188585	742512	0	97.3	269331	148790892	0.18	nan	99.28	0	0	0	0	148790892	nan	0	147450525	0	0	144775649	148790892	0	nan
CHH7193	115451217	0	279595	0	58211151	0	57923966	499365	0	97.94	240076	116135117	0.21	nan	99.41	0	0	0	0	116135117	nan	0	115211141	0	0	113736954	116135117	0	nan
CHH7194	121540493	0	346797	0	61310047	0	60969025	589769	0	97.78	260973	122279072	0.21	nan	99.4	0	0	0	0	122279072	nan	0	121279520	0	0	119565667	122279072	0	nan
CHH7196	124571767	0	352992	0	62875021	0	62489336	608452	0	97.77	297340	125364357	0.24	nan	99.37	0	0	0	0	125364357	nan	0	124274427	0	0	122570520	125364357	0	nan
CHH7197	139906328	0	460871	0	70643416	0	70223649	772116	0	97.39	282423	140867065	0.2	nan	99.32	0	0	0	0	140867065	nan	0	139623905	0	0	137193601	140867065	0	nan
CHH7198	121697377	0	317247	0	61345116	0	61036762	553870	0	97.73	237767	122381878	0.19	nan	99.44	0	0	0	0	122381878	nan	0	121459610	0	0	119606721	122381878	0	nan
CHH7199	115945767	0	1003664	0	58856862	0	58286012	1447424	0	96.82	424773	117142874	0.36	nan	98.98	0	0	0	0	117142874	nan	0	115520994	0	0	113421177	117142874	0	nan
CHH7201	115541326	0	808175	0	58374051	0	58029453	1164978	0	97.53	248365	116403504	0.21	nan	99.26	0	0	0	0	116403504	nan	0	115292961	0	0	113524782	116403504	0	nan
CHH7202	122268455	0	338703	0	61727690	0	61402783	586327	0	97.73	255365	123130473	0.21	nan	99.3	0	0	0	0	123130473	nan	0	122013090	0	0	120330136	123130473	0	nan
