Sample	1	2	3	4	5	6	7	8	9	10	11	12	13	14	15	16	17	18	19	20	21	22	X	Y	MT	GL000207.1	GL000226.1	GL000229.1	GL000231.1	GL000210.1	GL000239.1	GL000235.1	GL000201.1	GL000247.1	GL000245.1	GL000197.1	GL000203.1	GL000246.1	GL000249.1	GL000196.1	GL000248.1	GL000244.1	GL000238.1	GL000202.1	GL000234.1	GL000232.1	GL000206.1	GL000240.1	GL000236.1	GL000241.1	GL000243.1	GL000242.1	GL000230.1	GL000237.1	GL000233.1	GL000204.1	GL000198.1	GL000208.1	GL000191.1	GL000227.1	GL000228.1	GL000214.1	GL000221.1	GL000209.1	GL000218.1	GL000220.1	GL000213.1	GL000211.1	GL000199.1	GL000217.1	GL000216.1	GL000215.1	GL000205.1	GL000219.1	GL000224.1	GL000223.1	GL000195.1	GL000212.1	GL000222.1	GL000200.1	GL000193.1	GL000194.1	GL000225.1	GL000192.1	*
CHH10893	12678815	11588227	6978029	5848151	6403365	5954763	6958558	4481696	6099409	5778835	5708766	5682215	2616510	3693488	5586574	5665276	5565346	2086589	4588917	2293244	1468031	2319699	3720066	1359452	23215	34	15868	3929	5789	36	1028	642	1845	1089	330	720	200	693	2569	2959	85	9231	5962	129	2645	1756	120	1990	3160	29597	1019	3698	7859	6031	511	554	1457	2114	9936	6202	8484	124157	81463	25491	12803	81700	27786	109809	21523	15556	9486	3815	11257	29043	20426	14797	8831	102541	20845	1141	8291	19599	10424	45354	0
CHH10894	12454335	11478927	6883054	5766364	6307463	5873305	6874917	4453962	5870942	5704935	5635700	5580748	2600151	3612879	5458686	5421648	5553977	2070785	4491509	2250796	1456138	2287960	7105499	62492	23575	35	12365	3705	5597	56	1151	585	1762	1074	296	720	198	747	2659	2977	93	7144	7199	113	2547	1747	96	2020	3208	30071	872	4060	11652	5975	760	585	1662	2113	9917	6173	8990	122505	82443	24293	14214	111618	27173	106237	16554	13516	10606	3654	10850	28693	20034	14140	8644	89814	19910	897	9312	22037	10237	43967	0
CHH10895	12347093	11325350	6775275	5614857	6164632	5777842	6708719	4355702	5697980	5679297	5533211	5543619	2546555	3683177	5407924	5379573	5372260	2033051	4456550	2231570	1417590	2421288	3522230	1320082	20843	33	14783	3873	5794	47	1015	549	1800	1130	315	741	151	992	2671	2897	66	9706	6837	137	2656	1848	93	1925	3099	30250	1089	3362	7705	5660	429	514	1666	2388	8583	8609	8991	116474	79776	12431	13701	100264	27371	104089	26188	14876	9022	3659	10929	35882	21716	13630	8373	105776	21264	797	6676	19858	10231	44702	0
CHH11676	11640969	9826624	6200167	4727858	5426288	5316811	6469558	4059223	5338744	5212694	5553787	5196444	2181470	3316658	5288348	5414148	5645009	1787919	5034829	2327388	1332480	2509076	6357749	44154	22112	37	13040	3667	2878	53	1463	509	2465	1146	268	657	153	985	1965	2525	79	5447	6936	149	2779	1809	97	1420	1740	18614	1121	4255	9929	5337	575	376	1461	1962	8366	4499	9100	71535	49711	24567	17270	118409	19025	60646	20601	11338	8902	3298	10749	18736	15466	13565	8072	90046	18416	1064	9129	13599	11372	44059	0
CHH11677	11889754	10216759	6407472	4987695	5737272	5486505	6593204	4301769	5599600	5262718	5647575	5328309	2274328	3426444	5283492	5577582	5761365	1872001	5022007	2330138	1352503	2439251	6624596	48339	23947	22	15813	3514	3211	53	1531	521	2414	1107	267	728	151	1229	1916	2552	81	5972	6935	107	2709	1837	101	1333	2018	20460	1072	3661	6623	6312	378	419	1247	2304	7989	5657	9444	84781	58281	13937	18838	99942	19087	71985	28164	10578	8849	3454	9767	16862	11855	13408	7784	76367	19332	933	6496	11693	9756	44702	0
CHH11678	12905871	11058064	6956495	5382812	6020711	5927152	7105209	4368020	5799659	5830278	6156679	5816984	2472826	3844368	5688799	5891693	6233036	2029463	5473902	2556040	1493084	2744949	3655371	1176640	26733	51	16947	4166	3548	44	1566	553	2738	1281	285	795	208	1076	2236	2806	103	9674	7559	176	2841	1934	82	1424	2125	23368	1312	4499	11120	5682	634	510	1747	2384	9078	5764	9699	83885	64302	26152	18123	93612	22462	75212	21478	14908	9871	3771	10957	24842	18028	15438	8942	98534	20886	1065	9656	16115	11938	48199	0
CHH13726	14319535	12223251	7780247	5983509	6943561	6653782	7857883	5006892	6836993	6401339	6846468	6474342	2758416	4126858	6289587	6748965	6959206	2268994	6061634	2902478	1630688	2956904	7709304	58176	36697	64	18598	4276	3580	93	1953	504	3077	1418	433	928	270	1360	2566	2965	110	6619	9788	209	3216	2385	198	594	2065	22382	1497	5958	2786	5880	246	896	2176	3222	11117	5985	11020	87557	58990	33778	22746	101530	22334	79041	33507	12060	10575	3995	11942	22011	19147	16140	9505	81618	22392	1197	9530	15260	12027	54203	0
CHH13727	12658979	10753648	6863096	5271823	6123009	5858802	6982921	4502385	6123085	5702053	6047844	5716895	2431179	3599428	5584153	6017292	6273826	2005126	5372878	2563800	1443086	2605290	6859091	50137	29041	60	15794	3703	2944	106	1885	460	2856	1319	317	881	239	1256	2250	2767	136	5160	8927	178	2659	2040	175	497	2281	18988	1322	4581	4140	5760	337	816	1643	2914	8464	5928	10257	75730	50325	22933	17945	94830	19578	71524	26925	11182	9497	3610	10554	16687	14834	14656	8272	74755	17920	1134	8364	17775	10674	46401	0
CHH13728	11817913	10191669	6443657	4986884	5778599	5517670	6530075	4168045	5437487	5303254	5674237	5358511	2306330	3432757	5100516	5620939	5820697	1887557	4989092	2390138	1336212	2471486	3311675	1106944	26223	46	19137	3618	3093	94	1654	402	2580	1027	408	651	175	939	2148	2513	83	7061	8104	179	2851	2003	157	582	1739	19146	1068	4211	2353	5927	210	851	1822	2835	9437	4312	8349	77019	52681	27822	18680	103353	18343	61422	29708	12046	9143	3167	10178	19049	15078	13831	7679	75033	19533	988	7586	11950	10211	45014	0
CHH6319	12983179	9529067	6435792	4892207	5455539	5386902	7087530	4187149	5827190	5545184	6297995	5363766	2036845	3404177	6183002	6452347	6657872	1745029	6453392	2671199	1387619	3403561	3566537	1419177	39486	211	32607	4848	2783	177	1802	782	3538	1508	478	855	113	1219	1892	1842	180	5853	8884	375	5766	3001	240	1776	3571	14463	1871	5592	6950	8240	858	1664	2356	3000	6644	7670	21654	58308	45678	19352	21696	254732	16226	56996	50848	12088	43356	5245	16878	19955	22812	12553	17267	84350	30336	1565	22880	29264	41005	54890	0
CHH6320	9912826	7262896	4926342	3729601	4308740	4145061	5370027	3312900	4528547	4236272	4818254	4073195	1544031	2595464	4473523	5077709	5424744	1323617	5000031	2051849	1071948	2582246	5129796	135271	26324	105	19561	3843	2121	147	1183	589	2505	1849	292	662	87	643	1532	1494	116	3671	5967	312	4273	2292	173	1904	2349	10867	1732	3851	6947	4915	816	1295	1737	2637	5679	7348	15088	38474	32963	17164	15759	141946	11712	44666	25600	8015	34428	3825	13064	14416	22690	9596	13643	61355	21202	1330	17412	23108	28050	42121	0
CHH6321	12458573	9257805	6204881	4771696	5416366	5213468	6825627	4113871	5643918	5383186	6034150	5156332	1982676	3270994	5712483	6311086	6526114	1681243	6153889	2546543	1337828	3162026	3440102	1384340	48310	164	28571	4884	2746	217	1703	645	3236	2041	446	819	112	852	2070	1888	205	4283	9320	414	5606	2867	242	1810	3437	14049	2159	4860	4857	7660	623	1643	2135	3124	6610	6246	17670	48793	43867	18668	18064	218731	19300	57002	46557	11729	37288	4617	16638	17362	26478	12191	17104	82916	28429	1772	20796	28490	31686	52687	0
CHH6737	12993755	10778357	7327754	6089798	6350963	6280290	7298527	5049999	5925449	6514679	6495206	5848414	2683997	3820038	5664842	6027286	6222328	2359516	5541158	2874419	1539328	2755795	7371212	236787	55014	277	85503	4149	3357	276	2494	1387	2271	1826	1187	968	416	1039	1996	1946	486	5273	6919	649	5975	5359	473	2124	2682	12021	2901	4344	9615	6371	1873	1747	5617	12751	6908	7409	26739	50111	30716	16537	19098	216732	15084	38339	96456	9466	79096	3918	21279	21406	51203	12270	19158	78836	23196	2352	20058	18466	63573	51832	0
CHH6738	10138984	8869245	5907622	5161742	5264392	5086439	5785076	3972214	4867424	5159996	5008260	4631693	2251929	3014539	4454601	4639648	4616668	1900514	4004227	2150077	1251852	2026288	3240090	1247362	33396	175	66117	2952	3241	213	1826	1318	1591	1297	1084	607	403	508	1650	1582	339	4213	5432	477	4281	3983	285	1434	2341	14788	2112	3490	7288	5074	1181	1184	4076	9007	5102	5361	19708	65998	42146	25461	17212	170376	15035	49131	95425	7904	60179	3443	15648	23376	31687	9454	15222	68883	15940	1298	14053	14449	49117	39569	0
CHH6740	14108014	10570157	6981799	4944910	5792055	5867179	7559409	4465150	6019230	5749201	6785995	5930968	2195874	3788431	6630749	6965804	7328232	1819624	6963778	2874848	1479610	3432032	4054910	1248863	18404	37	5756	3932	1875	64	1155	277	3526	1492	121	940	40	874	2504	2562	50	7221	9958	66	2977	1471	83	1550	2874	14374	1328	5146	6697	6071	480	303	838	799	8249	12655	11584	59598	45243	35804	20592	70536	22860	52855	6967	7229	8066	4805	12215	16347	16835	14825	11273	85834	23045	787	8708	17220	7268	63131	0
CHH6741	11361307	8985970	5789756	4192390	5003808	4912964	6016090	3353628	5406641	4793586	5360240	4841144	1857182	3072645	5069576	5316719	5750195	1522076	5091594	2231333	1189263	2537051	3233158	1054245	18835	20	4601	2817	2183	42	916	148	2523	1239	80	632	41	592	2082	2248	34	5704	8151	60	2165	1154	30	1767	2648	15631	1056	4602	6248	3947	335	214	705	636	6527	6578	8228	67973	43953	16463	16837	42267	17941	62929	6736	8234	4893	3970	9341	17591	14241	12506	8468	71063	19586	1185	6253	14872	5819	51854	0
CHH6743	9577462	7623957	4935093	3641183	4265355	4162509	5039478	3178819	4333495	4102537	4494366	4141381	1609737	2605934	4352126	4409232	4742234	1325469	4071824	1848195	1004033	2075616	5340532	34913	14596	28	7057	2495	1924	33	824	155	1898	1026	106	481	36	565	1805	1824	55	5265	7383	88	2017	1240	68	1062	2243	13350	880	4177	5487	3522	368	218	803	881	6388	5129	6576	54795	38942	24199	13788	53072	15452	55300	9141	6100	7207	2697	9247	13484	12420	10975	8436	73945	17900	1009	7628	11097	6992	42793	0
CHH6744	9410825	7589156	4828108	3589720	4307592	4113579	4984916	3097688	4249985	4059461	4459626	4085606	1593483	2617867	4351198	4472231	4877098	1310927	4163613	1843931	1009020	2088162	5280384	36046	18139	27	6204	2614	1913	13	702	219	2081	1006	144	543	47	670	1832	1816	33	6261	7151	81	2089	1212	59	1033	2039	13690	897	4009	8357	3776	529	224	800	677	5186	5267	6979	58307	39914	28904	15573	58716	16474	54742	11284	5500	7454	3145	8746	18914	14923	10766	7948	57920	16869	590	7915	11547	7424	41862	0
