Sample	substitution_type_G>T	number_of_samples	substitution_type_G>C	substitution_type_G>A	tstv	tv_1st_ALT	number_of_others	number_of_multiallelic_SNP_sites	ts_1st_ALT	number_of_MNPs	ts	number_of_multiallelic_sites	number_of_SNPs	number_of_indels	substitution_type_C>A	substitution_type_C>G	substitution_type_A>T	substitution_type_A>C	number_of_records	substitution_type_A>G	substitution_type_C>T	substitution_type_T>A	substitution_type_T>C	tstv_1st_ALT	substitution_type_T>G	tv
SampID_10893	93.0	1.0	151.0	510.0	1.81	790.0	39.0	0.0	1428.0	846.0	1428.0	0.0	2218.0	140.0	144.0	141.0	48.0	86.0	3243.0	205.0	479.0	52.0	234.0	1.81	75.0	790.0
SampID_10894	93.0	1.0	151.0	510.0	1.81	790.0	39.0	0.0	1428.0	846.0	1428.0	0.0	2218.0	140.0	144.0	141.0	48.0	86.0	3243.0	205.0	479.0	52.0	234.0	1.81	75.0	790.0
SampID_10895	93.0	1.0	151.0	510.0	1.81	790.0	39.0	0.0	1428.0	846.0	1428.0	0.0	2218.0	140.0	144.0	141.0	48.0	86.0	3243.0	205.0	479.0	52.0	234.0	1.81	75.0	790.0
SampID_11676	90.0	1.0	138.0	492.0	1.92	726.0	40.0	0.0	1393.0	863.0	1393.0	0.0	2119.0	160.0	118.0	113.0	46.0	92.0	3182.0	214.0	457.0	47.0	230.0	1.92	82.0	726.0
SampID_11677	90.0	1.0	138.0	492.0	1.92	726.0	40.0	0.0	1393.0	863.0	1393.0	0.0	2119.0	160.0	118.0	113.0	46.0	92.0	3182.0	214.0	457.0	47.0	230.0	1.92	82.0	726.0
SampID_11678	90.0	1.0	138.0	492.0	1.92	726.0	40.0	0.0	1393.0	863.0	1393.0	0.0	2119.0	160.0	118.0	113.0	46.0	92.0	3182.0	214.0	457.0	47.0	230.0	1.92	82.0	726.0
SampID_13726	108.0	1.0	132.0	485.0	1.8	769.0	39.0	0.0	1385.0	865.0	1385.0	0.0	2154.0	121.0	120.0	150.0	40.0	80.0	3179.0	212.0	478.0	61.0	210.0	1.8	78.0	769.0
SampID_13727	108.0	1.0	132.0	485.0	1.8	769.0	39.0	0.0	1385.0	865.0	1385.0	0.0	2154.0	121.0	120.0	150.0	40.0	80.0	3179.0	212.0	478.0	61.0	210.0	1.8	78.0	769.0
SampID_13728	108.0	1.0	132.0	485.0	1.8	769.0	39.0	0.0	1385.0	865.0	1385.0	0.0	2154.0	121.0	120.0	150.0	40.0	80.0	3179.0	212.0	478.0	61.0	210.0	1.8	78.0	769.0
SampID_6319	100.0	1.0	117.0	478.0	1.98	710.0	38.0	0.0	1403.0	913.0	1403.0	0.0	2113.0	150.0	105.0	117.0	57.0	81.0	3214.0	247.0	460.0	55.0	218.0	1.98	78.0	710.0
SampID_6320	100.0	1.0	117.0	478.0	1.98	710.0	38.0	0.0	1403.0	913.0	1403.0	0.0	2113.0	150.0	105.0	117.0	57.0	81.0	3214.0	247.0	460.0	55.0	218.0	1.98	78.0	710.0
SampID_6321	100.0	1.0	117.0	478.0	1.98	710.0	38.0	0.0	1403.0	913.0	1403.0	0.0	2113.0	150.0	105.0	117.0	57.0	81.0	3214.0	247.0	460.0	55.0	218.0	1.98	78.0	710.0
SampID_6737	105.0	1.0	128.0	453.0	1.96	712.0	42.0	0.0	1398.0	853.0	1398.0	0.0	2110.0	149.0	110.0	117.0	42.0	73.0	3154.0	241.0	474.0	72.0	230.0	1.96	65.0	712.0
SampID_6738	106.0	1.0	132.0	462.0	2.02	707.0	33.0	0.0	1427.0	808.0	1427.0	0.0	2134.0	151.0	96.0	123.0	58.0	67.0	3126.0	225.0	481.0	44.0	259.0	2.02	81.0	707.0
SampID_6740	105.0	1.0	128.0	453.0	1.96	712.0	42.0	0.0	1398.0	853.0	1398.0	0.0	2110.0	149.0	110.0	117.0	42.0	73.0	3154.0	241.0	474.0	72.0	230.0	1.96	65.0	712.0
SampID_6741	106.0	1.0	132.0	462.0	2.02	707.0	33.0	0.0	1427.0	808.0	1427.0	0.0	2134.0	151.0	96.0	123.0	58.0	67.0	3126.0	225.0	481.0	44.0	259.0	2.02	81.0	707.0
SampID_6743	105.0	1.0	128.0	453.0	1.96	712.0	42.0	0.0	1398.0	853.0	1398.0	0.0	2110.0	149.0	110.0	117.0	42.0	73.0	3154.0	241.0	474.0	72.0	230.0	1.96	65.0	712.0
SampID_6744	106.0	1.0	132.0	462.0	2.02	707.0	33.0	0.0	1427.0	808.0	1427.0	0.0	2134.0	151.0	96.0	123.0	58.0	67.0	3126.0	225.0	481.0	44.0	259.0	2.02	81.0	707.0
